MAE: 796.7796933430014
MSE: 1426869.7908469366
RMSE: 1194.516551097948
R-squared: 0.9525714716509427
