MAE: 816.8762429383585
MSE: 1410334.495711884
RMSE: 1187.575048454574
R-squared: 0.9531210976358109
